[ 0.          0.          0.01736667  0.          0.03164648  0.          0.
  0.03706081  0.01596161  0.01547801  0.02056739  0.01778743  0.          0.0439528
  0.03513304  0.          0.03462833  0.          0.01607985  0.02292899
  0.          0.0221518   0.          0.02353176  0.00618884  0.05422419
  0.          0.          0.01250896  0.          0.          0.01016177
  0.          0.03631955  0.          0.02198026  0.12199691  0.00593121
  0.          0.03707679  0.01263961  0.          0.          0.          0.
  0.          0.00857645  0.0054053   0.03227349  0.06500245  0.          0.
  0.0069641   0.00947971  0.          0.00826905  0.          0.01060848
  0.          0.          0.00780262  0.          0.          0.01496973
  0.          0.          0.          0.01999409  0.          0.01247509
  0.          0.02605645  0.03345022  0.          0.0047458   0.00553415
  0.          0.          0.          0.          0.02687464  0.          0.
  0.00888208  0.01933304]