[ 0.02081579  0.          0.01598806  0.          0.01849347  0.
  0.00588685  0.03325093  0.00332836  0.00842106  0.02693945  0.0146294   0.
  0.02475475  0.01642233  0.00589899  0.05113953  0.01601983  0.01854844
  0.01409665  0.00601014  0.00752341  0.01513214  0.02429376  0.00586889
  0.03267352  0.00256463  0.          0.00978219  0.          0.
  0.02343134  0.0016029   0.02102007  0.          0.          0.09352357
  0.00393438  0.          0.04384334  0.01338877  0.          0.01423677
  0.01294925  0.          0.008283    0.          0.          0.02361473
  0.04827772  0.00704922  0.00079014  0.0070451   0.00783428  0.00598217
  0.          0.00248685  0.00656419  0.          0.          0.00532301
  0.01498508  0.01786919  0.00904937  0.03409052  0.          0.02966358
  0.00782763  0.          0.02131898  0.          0.0375147   0.03208195
  0.          0.          0.          0.          0.          0.
  0.00611827  0.01055005  0.          0.          0.01398389  0.01528342]