[ 0.00934549  0.00960442  0.01676318  0.00147615  0.02022491  0.
  0.00196819  0.02706196  0.01081508  0.00799003  0.          0.02286884
  0.          0.01685897  0.0105756   0.          0.06377234  0.01286518
  0.00410981  0.04771386  0.00203994  0.00910248  0.00875159  0.02621717
  0.          0.02993262  0.00479105  0.01107109  0.00510931  0.          0.
  0.01091441  0.01876743  0.02297667  0.01523007  0.02983525  0.08132199
  0.0036317   0.          0.03219954  0.01157825  0.01272772  0.
  0.00999442  0.          0.          0.          0.0115107   0.02518591
  0.03966187  0.00912839  0.0054689   0.01107729  0.02367367  0.00761344
  0.00265706  0.0039991   0.00483411  0.          0.0050405   0.00840772
  0.00484743  0.0024625   0.00760924  0.02198063  0.00420239  0.01682331
  0.00754509  0.00203994  0.01154877  0.          0.03375561  0.02572217
  0.00541062  0.          0.00217902  0.          0.00337405  0.
  0.00205625  0.02985999  0.00315378  0.          0.00557365  0.02139017]