[ 0.          0.00323695  0.01265467  0.00676673  0.01683427  0.          0.
  0.02956635  0.00820671  0.01176559  0.00424216  0.01336116  0.00527606
  0.02178947  0.01437119  0.          0.04944466  0.01525051  0.00617213
  0.02227019  0.01570779  0.02752008  0.01324762  0.02550635  0.00829663
  0.031588    0.00219121  0.00124317  0.00695115  0.          0.00717822
  0.0170519   0.00904613  0.02544557  0.01300213  0.00610898  0.07357571
  0.01124082  0.00486382  0.03070902  0.00815992  0.00206097  0.0069495
  0.00235797  0.0042738   0.0005813   0.00693189  0.01632156  0.0295216
  0.04877834  0.00890872  0.          0.0089699   0.01861156  0.01190883
  0.00884234  0.01772671  0.00604798  0.          0.00451501  0.02039888
  0.00419642  0.00471833  0.00765885  0.01137496  0.0078855   0.02148837
  0.00590465  0.00646981  0.01093377  0.          0.02460158  0.02805208
  0.          0.00270053  0.00422628  0.          0.00197687  0.
  0.01088209  0.02004784  0.00246809  0.00182654  0.00502547  0.0140121 ]