[ 0.00822234  0.00310663  0.01202257  0.01950937  0.01287251  0.00376974
  0.          0.02220106  0.00211599  0.0060974   0.00638586  0.01624638
  0.00949008  0.01836184  0.01278179  0.          0.04028407  0.00808811
  0.00513247  0.01342479  0.          0.03285659  0.00644293  0.01620437
  0.          0.03784795  0.00576951  0.01253825  0.01145243  0.01575854
  0.0053504   0.02747368  0.00857318  0.03139235  0.00131324  0.01837805
  0.07375366  0.01159514  0.00173678  0.04280364  0.01395386  0.00176333
  0.00370249  0.00682378  0.01050848  0.          0.00412903  0.02112715
  0.01701475  0.03676639  0.01442998  0.00251533  0.01841776  0.00872839
  0.00721449  0.00838916  0.01351962  0.0169541   0.          0.00173678
  0.00370512  0.00580239  0.          0.0075398   0.0206103   0.0189295
  0.00792749  0.01424777  0.00539903  0.01208947  0.00712154  0.02622486
  0.0250561   0.          0.00235768  0.00193404  0.00113814  0.          0.
  0.01035943  0.01017771  0.00412975  0.00208387  0.01737981  0.0067377 ]