[ 0.01074742  0.00306422  0.01442181  0.01032362  0.02298936  0.00238049
  0.          0.02847413  0.00689035  0.00582137  0.00901706  0.02323399
  0.00320966  0.01801955  0.01373559  0.          0.04409754  0.01059487
  0.00370122  0.01978214  0.          0.01895051  0.00873961  0.01616106
  0.          0.03036259  0.00575883  0.01452779  0.00863908  0.00696075
  0.00132894  0.02168955  0.0085665   0.02623682  0.0076483   0.02665303
  0.07272929  0.00892656  0.00350525  0.03524032  0.01392867  0.00176333
  0.00370249  0.00231725  0.0104977   0.00261636  0.00411863  0.01651486
  0.02254732  0.04233962  0.00872621  0.00251533  0.01642055  0.01009345
  0.0095533   0.00830577  0.01232708  0.00795506  0.          0.00570787
  0.00501168  0.00778459  0.00488892  0.0075398   0.01290943  0.01262597
  0.00788298  0.02136893  0.01101589  0.01726449  0.          0.02619007
  0.0250561   0.          0.0023457   0.00429694  0.          0.          0.
  0.01236589  0.01017771  0.00227742  0.00136506  0.01291049  0.01964189]